startToncepts
numberOfEntities,4
5;
0,1,36,55;6,9,32,44;9,23,33,44;23,41,32,44;41,50,33,44;50,68,31,44;
6;
0,1,34,55;3,9,18,39;3,9,28,43;3,9,31,44;3,33,24,41;3,68,27,42;4,9,1,1;9,10,11,5;9,12,2,1;9,16,30,43;9,16,32,44;9,68,17,39;12,13,11,5;15,19,2,1;16,20,29,43;16,32,33,44;17,18,11,5;19,20,1,1;20,24,30,43;20,25,2,1;24,25,11,5;24,33,29,43;24,68,21,40;27,28,2,1;28,29,1,1;29,31,2,1;31,32,3,1;31,32,11,5;32,33,32,44;33,44,28,43;33,52,23,41;33,68,33,44;34,35,3,1;34,35,11,5;36,37,2,1;37,43,3,1;42,43,11,5;44,52,30,43;45,46,1,1;47,50,3,1;51,52,11,5;52,67,22,41;52,67,28,43;67,68,24,41;67,68,29,43;
7;
0,1,34,55;12,13,13,6;12,13,31,44;12,21,1,1;12,35,18,39;12,68,23,41;12,68,27,42;12,68,28,43;13,14,8,4;13,18,15,6;13,21,4,2;13,68,33,44;17,18,6,3;28,29,10,4;28,54,15,6;31,33,4,2;31,35,1,1;31,54,6,3;35,53,17,39;37,38,1,1;41,42,11,5;41,53,19,40;44,46,1,1;44,50,4,2;45,46,10,4;45,46,11,5;48,49,1,1;49,50,2,1;52,54,4,2;53,68,16,39;53,68,20,40;
8;
5,6,1,1;5,6,15,6;23,66,25,42;23,68,21,40;23,68,23,41;
