startToncepts
numberOfEntities,4
5;
0,1,33,55;6,9,28,44;9,23,29,44;23,41,28,44;41,50,29,44;50,68,28,44;
6;
0,1,31,55;3,9,15,39;3,9,25,43;3,16,28,44;3,32,24,42;3,33,21,41;4,6,1,1;6,12,2,1;9,10,9,5;9,11,14,39;9,33,27,43;11,16,15,39;12,13,9,5;15,25,2,1;16,20,29,44;16,28,14,39;17,18,9,5;20,24,30,44;24,25,9,5;24,32,29,44;24,33,18,40;27,28,2,1;28,29,1,1;28,32,15,39;29,31,2,1;31,32,3,1;31,32,9,5;32,33,22,42;32,33,28,44;32,56,13,39;33,44,23,42;33,44,25,43;33,44,29,44;33,67,17,40;33,67,19,41;34,35,3,1;34,35,9,5;36,37,2,1;37,43,3,1;42,43,9,5;44,52,27,43;44,56,22,42;44,56,30,44;45,46,2,1;47,50,3,1;51,52,9,5;52,67,26,43;56,60,14,39;56,67,23,42;56,68,29,44;60,68,13,39;67,68,18,40;67,68,21,41;67,68,22,42;67,68,27,43;
7;
0,1,31,55;12,13,28,44;12,18,10,6;12,21,1,1;12,28,19,41;12,28,25,43;12,35,15,39;12,41,24,42;13,14,6,4;13,21,4,2;13,41,29,44;17,18,5,3;28,29,8,4;28,29,12,6;28,41,20,41;28,68,26,43;29,30,10,6;31,33,4,2;31,33,12,6;31,35,1,1;31,54,5,3;33,38,10,6;35,68,13,39;37,38,1,1;38,49,12,6;41,42,9,5;41,68,16,40;41,68,19,41;41,68,23,42;41,68,30,44;44,46,2,1;44,50,4,2;45,46,7,4;45,46,9,5;48,49,2,1;49,50,3,1;49,51,10,6;51,52,12,6;52,54,4,2;52,54,10,6;
8;
5,6,2,1;5,6,10,6;23,66,22,42;23,68,18,40;23,68,20,41;
