startToncepts
numberOfEntities,4
5;
0,1,36,55;6,68,31,44;
6;
0,1,34,55;3,9,18,39;3,9,22,41;3,9,27,42;3,9,28,43;3,52,31,44;4,12,1,1;9,10,11,5;9,11,16,39;9,11,23,41;9,11,29,43;9,32,26,42;11,16,22,41;11,16,30,43;11,20,17,39;12,13,11,5;15,25,1,1;16,20,24,41;16,33,29,43;17,18,11,5;20,24,23,41;20,28,16,39;24,25,11,5;24,28,21,40;24,28,24,41;27,32,1,1;28,32,17,39;28,32,19,40;28,32,22,41;31,32,11,5;32,33,20,40;32,33,23,41;32,68,16,39;32,68,25,42;33,44,28,43;33,67,19,40;33,67,22,41;34,35,3,1;34,35,11,5;36,43,1,1;42,43,11,5;44,52,30,43;45,46,1,1;47,48,2,1;49,50,1,1;51,52,11,5;52,56,33,44;52,68,29,43;56,68,31,44;67,68,20,40;67,68,23,41;
7;
0,1,34,55;12,18,13,6;12,21,1,1;12,28,28,43;12,35,17,39;12,61,26,42;12,68,22,41;12,68,31,44;13,14,8,4;13,21,4,2;17,18,6,3;28,29,10,4;28,29,15,6;28,68,29,43;29,30,13,6;31,33,4,2;31,33,15,6;31,35,1,1;31,54,6,3;33,38,13,6;35,68,16,39;37,38,1,1;38,49,15,6;41,42,11,5;41,68,19,40;44,46,1,1;44,50,4,2;45,46,10,4;45,46,11,5;48,50,1,1;49,51,13,6;51,52,15,6;52,54,4,2;52,54,13,6;61,68,25,42;
8;
5,6,1,1;5,6,13,6;23,66,25,42;23,68,19,40;23,68,22,41;
