startToncepts
numberOfEntities,4
5;
0,1,73,55;6,9,61,44;9,23,63,44;23,41,61,44;41,50,62,44;50,54,60,44;54,60,61,44;60,65,60,44;65,68,61,44;
6;
0,1,68,55;3,9,31,39;3,9,44,41;3,9,52,42;3,9,53,43;3,9,60,44;4,5,2,1;5,6,1,1;6,9,3,1;9,10,17,5;9,11,28,39;9,11,45,41;9,11,50,42;9,12,5,1;9,16,59,43;9,16,61,44;11,16,44,41;11,16,51,42;11,20,29,39;12,13,17,5;15,19,5,1;16,20,52,42;16,20,58,43;16,20,63,44;16,33,45,41;17,18,17,5;19,20,4,1;20,24,59,43;20,24,65,44;20,25,5,1;20,28,28,39;20,32,51,42;24,25,17,5;24,28,38,40;24,32,63,44;24,33,58,43;27,28,5,1;28,29,2,1;28,32,30,39;28,32,37,40;29,31,5,1;31,32,7,1;31,32,17,5;32,33,38,40;32,33,47,42;32,33,61,44;32,56,26,39;33,44,49,42;33,44,54,43;33,44,62,44;33,52,40,41;33,67,34,40;34,35,7,1;34,35,17,5;36,37,5,1;37,43,7,1;42,43,17,5;44,52,48,42;44,52,59,43;44,56,66,44;45,46,4,1;47,50,7,1;51,52,17,5;52,56,47,42;52,56,57,43;52,67,39,41;56,60,27,39;56,67,49,42;56,67,56,43;56,68,63,44;60,68,26,39;67,68,38,40;67,68,45,41;67,68,48,42;67,68,58,43;
7;
0,1,68,55;12,13,18,6;12,13,61,44;12,21,1,1;12,28,40,41;12,28,51,42;12,28,54,43;12,35,31,39;13,14,10,4;13,18,19,6;13,21,8,2;13,28,62,44;17,18,9,3;28,29,15,4;28,29,23,6;28,35,52,42;28,35,63,44;28,41,42,41;28,41,55,43;29,30,19,6;31,33,8,2;31,33,23,6;31,35,1,1;31,54,9,3;33,38,19,6;35,41,64,44;35,53,27,39;35,61,50,42;37,38,1,1;38,39,23,6;39,40,24,6;40,49,23,6;41,42,17,5;41,53,57,43;41,53,66,44;41,61,32,40;41,61,41,41;44,46,3,1;44,50,8,2;45,46,14,4;45,46,17,5;48,49,3,1;49,50,5,1;49,51,19,6;51,52,23,6;52,54,8,2;52,54,19,6;53,61,26,39;53,61,64,44;53,68,56,43;61,68,25,39;61,68,34,40;61,68,40,41;61,68,48,42;61,68,65,44;
8;
5,6,3,1;5,6,19,6;23,66,46,42;23,68,36,40;23,68,42,41;
