startToncepts
numberOfEntities,4
5;
0,1,36,55;6,50,33,44;50,54,31,44;54,68,33,44;
6;
0,1,34,55;3,9,28,43;3,52,24,41;3,68,18,39;3,68,27,42;3,68,33,44;4,5,3,1;5,6,1,1;6,12,3,1;9,10,11,5;9,68,30,43;12,13,11,5;15,25,3,1;17,18,11,5;24,25,11,5;24,68,21,40;27,32,3,1;31,32,11,5;34,35,11,5;34,43,3,1;42,43,11,5;45,50,3,1;51,52,11,5;52,67,22,41;67,68,24,41;
7;
0,1,34,55;12,13,13,6;12,21,1,1;12,61,18,39;12,68,24,41;12,68,27,42;12,68,30,43;12,68,33,44;13,14,8,4;13,18,15,6;13,21,4,2;17,18,6,3;28,29,10,4;28,54,15,6;31,33,4,2;31,35,1,1;31,54,6,3;37,38,1,1;41,42,11,5;41,53,19,40;44,46,3,1;44,50,4,2;45,46,10,4;45,46,11,5;48,50,3,1;52,54,4,2;53,68,21,40;61,68,16,39;
8;
5,6,3,1;5,6,15,6;23,66,25,42;23,68,21,40;23,68,24,41;
